types 2
2
2
jobs 8
ops 8
1 23 0
0 38 0
1 15 0
0 17 0
1 5 0
1 12 0
0 5 0
1 25 0
ops 8
0 12 0
0 10 0
1 16 0
0 29 0
0 20 0
0 30 0
1 19 0
0 13 0
ops 8
1 22 0
0 39 0
0 4 0
0 5 0
1 17 0
1 18 0
1 37 0
1 27 0
ops 8
0 33 0
0 20 0
0 34 0
1 14 0
0 8 0
1 12 0
0 2 0
1 12 0
ops 8
0 39 0
1 10 0
1 8 0
1 8 0
1 1 0
1 2 0
1 12 0
0 33 0
ops 8
0 34 0
0 30 0
0 39 0
0 13 0
0 9 0
1 7 0
0 18 0
0 26 0
ops 8
0 19 0
0 28 0
1 18 0
0 34 0
0 14 0
1 22 0
0 19 0
1 3 0
ops 8
1 16 0
0 30 0
1 10 0
1 1 0
0 32 0
0 9 0
0 28 0
1 32 0
