types 2
4
4
jobs 8
ops 8
0 4 0
1 27 0
0 36 0
0 30 0
0 12 0
1 27 0
0 26 0
0 20 0
ops 8
0 33 0
0 2 0
0 3 0
1 14 0
0 18 0
0 15 0
0 4 0
1 11 0
ops 8
0 10 0
1 19 0
1 26 0
0 20 0
0 21 0
0 29 0
1 30 0
0 7 0
ops 8
1 3 0
0 33 0
0 32 0
0 3 0
0 1 0
1 37 0
0 37 0
1 6 0
ops 8
1 18 0
0 10 0
1 39 0
0 20 0
1 24 0
1 11 0
0 27 0
0 27 0
ops 8
1 12 0
1 1 0
1 18 0
1 19 0
1 20 0
1 12 0
0 17 0
0 22 0
ops 8
1 34 0
1 39 0
0 17 0
0 27 0
1 36 0
1 7 0
0 2 0
1 22 0
ops 8
0 32 0
1 14 0
0 37 0
1 34 0
1 19 0
0 29 0
1 18 0
1 4 0
