types 4
2
2
2
2
jobs 8
ops 8
3 29 0
0 21 0
0 15 0
2 37 0
2 4 0
2 17 0
1 32 0
1 15 0
ops 8
3 22 0
2 9 0
0 37 0
1 20 0
2 9 0
0 3 0
0 25 0
1 31 0
ops 8
0 1 0
0 9 0
2 13 0
2 4 0
3 21 0
1 8 0
1 24 0
1 19 0
ops 8
2 2 0
3 18 0
2 27 0
1 34 0
2 18 0
2 19 0
0 30 0
1 20 0
ops 8
1 7 0
1 7 0
2 17 0
0 28 0
0 8 0
0 37 0
1 18 0
2 34 0
ops 8
1 32 0
3 8 0
1 39 0
2 37 0
1 38 0
2 11 0
0 3 0
2 14 0
ops 8
0 2 0
2 7 0
0 33 0
3 10 0
0 14 0
1 39 0
2 15 0
2 10 0
ops 8
0 31 0
0 26 0
1 18 0
3 23 0
0 20 0
3 29 0
3 17 0
1 31 0
